"foodstuffs" <-
structure(.Data = list(
c(340,245,420,375,180,115,170,160,265,300,340,340,355,205,185,135,70,45,90,135,200,155,195,120,180,170,110),
c(20,21,15,19,22,20,25,26,20,18,20,19,19,18,23,22,11,7,14,16,19,16,16,17,22,25,23),
c(28,17,39,32,10,3,7,5,20,25,28,29,30,14,9,4,1,1,2,5,13,9,11,5,9,7,1),
c(9,9,7,9,17,8,12,14,9,9,9,9,9,7,9,25,82,74,38,15,5,157,14,159,367,7,98),
c(2.6,2.7,2.0,2.5,3.7,1.4,1.5,5.9,2.6,2.3,2.5,2.5,2.4,2.5,2.7,0.6,6.0,5.4,0.8,0.5,1.0,1.8,1.3,0.7,2.5,1.2,2.6)
),
names = c("Energy","Protein","Fat","Calcium","Iron"),
row.names = c("BB Beef, braised","HR Hamburger","BR Beef roast","BS Beef, steak","BC Beef, canned","CB Chicken, broiled","CC Chicken, canned","BH Beef, heart","LL Lamb leg, roast","LS Lamb shoulder, roast","HS Smoked ham","PR Pork roast","PS Pork simmered","BT Beef tongue","VC Veal cutlet","FB Bluefish, baked","AR Clams, raw","AC Clams, canned","TC Crabmeat, canned","HF Haddock, fried","MB Mackerel, broiled","MC Mackerel, canned","PF Perch, fried","SC Salmon, canned","DC Sardines, canned","UC Tuna, canned","RC Shrimp, canned"),
class = "data.frame"
)
